initial matrix
MATRIX:
2.000000 3.000000 -1.000000 6.000000 
2.000000 -1.000000 2.000000 -15.000000 
3.000000 -1.000000 1.000000 -15.000000 

swapped 0 and 2
MATRIX:
3.000000 -1.000000 1.000000 -15.000000 
2.000000 -1.000000 2.000000 -15.000000 
2.000000 3.000000 -1.000000 6.000000 

row 0 /= 3.000000
MATRIX:
1.000000 -0.333333 0.333333 -5.000000 
2.000000 -1.000000 2.000000 -15.000000 
2.000000 3.000000 -1.000000 6.000000 

row 1 -= 2.000000 row 0
MATRIX:
1.000000 -0.333333 0.333333 -5.000000 
0.000000 -0.333333 1.333333 -5.000000 
2.000000 3.000000 -1.000000 6.000000 

row 2 -= 2.000000 row 0
MATRIX:
1.000000 -0.333333 0.333333 -5.000000 
0.000000 -0.333333 1.333333 -5.000000 
0.000000 3.666667 -1.666667 16.000000 

swapped 1 and 2
MATRIX:
1.000000 -0.333333 0.333333 -5.000000 
0.000000 3.666667 -1.666667 16.000000 
0.000000 -0.333333 1.333333 -5.000000 

row 1 /= 3.666667
MATRIX:
1.000000 -0.333333 0.333333 -5.000000 
0.000000 1.000000 -0.454545 4.363636 
0.000000 -0.333333 1.333333 -5.000000 

row 0 -= -0.333333 row 1
MATRIX:
1.000000 0.000000 0.181818 -3.545455 
0.000000 1.000000 -0.454545 4.363636 
0.000000 -0.333333 1.333333 -5.000000 

row 2 -= -0.333333 row 1
MATRIX:
1.000000 0.000000 0.181818 -3.545455 
0.000000 1.000000 -0.454545 4.363636 
0.000000 0.000000 1.181818 -3.545455 

swapped 2 and 2
MATRIX:
1.000000 0.000000 0.181818 -3.545455 
0.000000 1.000000 -0.454545 4.363636 
0.000000 0.000000 1.181818 -3.545455 

row 2 /= 1.181818
MATRIX:
1.000000 0.000000 0.181818 -3.545455 
0.000000 1.000000 -0.454545 4.363636 
0.000000 0.000000 1.000000 -3.000000 

row 0 -= 0.181818 row 2
MATRIX:
1.000000 0.000000 0.000000 -3.000000 
0.000000 1.000000 -0.454545 4.363636 
0.000000 0.000000 1.000000 -3.000000 

row 1 -= -0.454545 row 2
MATRIX:
1.000000 0.000000 0.000000 -3.000000 
0.000000 1.000000 0.000000 3.000000 
0.000000 0.000000 1.000000 -3.000000 

-3.000000 3.000000 -3.000000 
